45 76 84 14 9612 4342
22 56 79 11 1095 2217
25 11 42 68 7881 10751
33 68 55 11 4203 15078
20 51 66 21 10220 14231
56 28 14 93 2506 3919
45 26 24 91 840 871
65 12 17 67 16378 5204
19 89 83 67 4042 6062
55 29 25 58 14365 15866
16 48 67 23 17849 4917
74 20 14 88 1580 5480
52 17 24 72 6896 19622
54 21 31 71 3242 5269
17 59 76 17 3047 9174
31 13 56 77 14993 6455
30 95 76 66 8476 13566
46 16 23 51 4309 2377
61 29 34 89 3743 2872
22 52 84 55 7414 6471
97 73 14 94 832 960
15 45 74 61 8041 9794
47 69 42 16 3624 13898
12 72 95 20 3770 3920
51 28 19 48 5490 12352
96 72 17 46 1409 2686
32 65 78 34 2018 3228
56 46 18 89 4042 4285
12 36 41 18 2347 3366
20 46 56 23 6220 15970
77 13 16 64 15241 11769
62 14 14 71 19256 17168
53 13 64 75 3571 3841
26 97 50 27 1512 1812
29 12 26 37 4611 3543
52 27 11 43 8690 17796
44 22 13 54 15524 2882
73 99 95 21 11234 8118
15 25 46 25 3883 18950
98 81 24 96 6848 11220
71 21 17 53 6591 12869
50 93 86 31 8884 7626
13 25 58 33 1551 12620
65 41 24 52 5102 7082
15 47 53 41 2537 3697
98 35 55 96 4583 4462
41 59 44 12 7296 5624
17 37 61 22 7535 5434
20 51 43 21 10278 7688
98 72 17 47 6274 6404
11 42 50 47 3931 4360
77 86 88 27 13882 9374
25 47 61 28 16316 3248
48 84 86 40 6326 5656
15 50 52 29 11380 18010
20 66 68 52 6228 9174
35 52 84 31 4354 5437
37 77 80 24 6548 2228
73 27 19 54 12882 4040
59 12 16 37 516 18288
61 43 15 54 3759 6645
11 36 62 41 4918 19784
23 74 41 22 2342 3908
27 46 56 29 11199 13762
65 17 22 61 19498 6229
60 99 63 20 8253 7657
36 15 19 46 11892 19092
31 50 48 19 15636 9219
14 50 38 12 2042 9072
27 32 86 12 1960 1064
92 26 25 74 2843 7430
14 81 37 24 1286 3639
43 13 69 82 5927 4910
33 22 27 97 5286 9528
30 69 65 22 495 10666
12 19 88 45 4168 2826
62 29 33 53 5028 5958
96 23 46 84 4210 6774
70 16 16 45 4982 272
40 83 48 12 4448 10646
42 14 15 62 4619 18384
75 11 13 62 18740 11313
13 30 67 31 10045 4980
11 17 80 37 8467 4595
57 15 21 46 17303 16618
45 43 15 53 2550 2862
42 11 15 27 12170 17250
55 82 73 24 9282 5864
44 16 28 48 12800 19168
11 46 56 17 4742 5408
24 50 58 25 12400 15950
69 36 14 29 4705 16654
13 47 62 33 6441 6274
12 53 55 25 7451 7044
74 34 13 57 1562 7666
30 21 19 55 1823 3236
50 30 17 42 8227 5222
14 43 77 37 12793 14883
44 35 16 66 1320 1636
53 23 31 52 18767 2963
67 16 14 77 14748 7824
14 94 50 18 4356 6372
16 71 59 11 13460 12306
65 16 11 45 11683 463
11 52 79 16 13322 2372
19 58 74 32 2851 13630
11 32 38 17 2773 6763
12 32 71 36 1395 2340
46 74 46 21 3588 4129
12 36 73 22 9908 12308
65 11 16 66 18059 6073
38 12 25 44 13833 16036
11 85 47 23 4766 6552
21 79 79 23 2443 7271
11 34 63 30 4259 18422
15 41 56 37 3959 5134
17 44 62 11 2135 7118
14 13 95 13 3440 637
18 45 58 18 2040 10367
91 97 19 92 5447 9537
48 27 15 43 8654 13750
81 48 13 36 16302 12812
25 75 99 52 8997 7881
14 52 19 15 1171 3627
32 23 13 30 2432 5887
43 13 13 71 3747 6845
12 31 73 48 8829 8099
45 18 19 61 12164 4289
39 92 66 43 2019 2847
92 17 42 91 1854 2923
41 93 60 22 5621 6817
54 20 13 41 2910 3466
26 65 94 37 2764 5524
18 43 64 32 14300 4586
18 33 54 14 5238 2293
68 35 19 45 3658 4630
27 60 56 21 9789 6812
49 70 50 19 6365 4217
81 39 21 67 4872 6328
19 44 52 24 5064 10384
66 94 37 13 3169 3521
62 17 14 66 1656 1200
12 34 38 20 17744 758
28 81 78 49 7794 9652
40 12 34 71 17472 5280
41 71 52 22 5919 9939
30 68 47 15 8711 13505
19 35 51 30 11571 16030
62 45 14 59 3026 4101
21 40 68 25 4630 2025
16 32 26 17 17532 15614
25 64 48 22 8714 3618
36 17 36 61 3644 11379
12 42 81 25 4488 3300
57 32 14 49 18094 229
87 82 78 16 6708 3044
91 27 21 73 8701 4785
45 19 42 62 3312 2328
78 50 12 36 18206 2530
62 17 25 60 12547 2922
34 14 53 74 15720 6388
20 59 71 27 15731 5329
37 73 78 47 7917 6748
55 89 31 11 4356 6618
19 58 42 13 506 4853
46 24 13 95 581 2685
46 70 49 23 4379 9529
50 24 24 56 9260 19784
14 57 83 37 7497 13637
32 74 50 19 18212 2520
89 11 66 74 4567 2013
12 61 83 33 10557 15036
70 20 21 58 3686 12668
57 19 36 98 4668 9984
24 36 27 11 9068 12532
30 52 51 27 14960 19690
99 26 88 97 4972 2488
42 15 19 38 8408 6044
31 14 23 64 17598 2458
94 69 13 88 4607 5657
56 23 22 47 908 7719
56 13 73 84 7832 6646
97 19 17 47 4445 5063
43 17 29 69 9357 4833
17 58 74 30 13473 10012
32 79 59 17 8666 6293
12 19 41 11 1437 18758
35 66 66 41 4085 3113
48 21 35 68 13600 6145
12 45 84 44 3156 5060
50 12 23 47 9286 4994
62 26 16 55 17398 6865
74 80 88 24 856 712
29 85 58 40 4930 7430
66 96 36 12 7506 8496
45 14 20 58 12925 19118
69 19 26 77 517 16063
21 78 81 46 1596 4144
16 62 65 22 9663 10954
21 62 71 19 8058 2258
34 85 54 34 6578 8466
87 17 69 63 10446 4418
12 92 75 29 4863 10529
46 30 16 41 8888 9041
72 16 65 76 2473 1596
22 88 79 38 6680 9484
59 23 22 47 15210 16087
83 38 42 94 3780 2254
52 25 19 35 7633 235
29 66 80 52 7875 9598
50 23 12 19 2380 17674
27 55 53 29 10526 12566
57 14 34 81 4709 7629
34 83 92 49 974 973
22 47 23 12 11185 10325
31 17 33 88 4805 9136
47 23 20 59 11591 4760
59 92 70 22 4710 3684
12 71 61 12 13010 4755
55 19 15 45 14255 11501
19 57 54 17 3787 2191
13 50 54 12 10846 13404
24 64 48 15 6584 14928
11 22 56 25 9554 4460
11 21 31 12 12617 7871
54 13 56 66 4004 1174
75 44 42 86 3264 6026
28 71 33 16 4929 7558
85 13 38 31 7939 2927
49 24 24 43 14397 10855
26 16 44 99 4932 9652
56 55 21 95 2975 6715
29 75 80 13 5934 1386
27 74 55 13 1467 289
70 24 26 70 7738 8334
19 58 60 30 17148 1146
86 15 28 96 3260 5580
55 77 81 36 11372 9574
19 37 57 27 4015 16909
24 47 39 23 5270 17449
44 18 33 53 19735 6263
54 22 67 93 6423 4785
72 31 22 59 18610 19568
23 56 63 26 4207 10004
11 67 79 12 5867 3831
95 16 63 74 2621 1836
86 27 11 62 19037 3029
12 43 52 28 3820 14930
21 38 68 21 3595 1709
21 54 47 22 8697 19522
21 64 60 13 18134 13121
29 11 43 53 3599 3273
64 33 29 61 5176 9225
91 59 21 43 5635 4917
48 26 23 40 14909 8122
13 72 83 11 14242 9769
72 98 56 18 3144 2358
23 51 69 33 12428 1676
49 27 14 56 4487 6287
69 27 14 65 1852 5665
44 60 92 38 8080 5596
13 44 55 24 5073 16264
50 14 16 28 18188 10112
69 34 16 37 1028 16533
61 23 28 68 9092 2252
20 76 78 17 6586 7435
69 41 12 82 4233 4387
38 51 38 12 3838 2382
98 18 16 38 8194 3784
31 59 76 39 7768 6227
73 83 18 91 5746 12458
54 24 12 34 9248 19378
99 39 48 82 14112 11616
11 55 53 12 12201 17595
49 35 27 81 4025 5467
38 13 11 25 3966 1824
17 78 59 48 1234 2544
96 40 34 93 4594 7669
31 48 32 15 3936 2916
43 17 40 66 17200 4148
16 49 57 34 9342 9202
40 59 78 16 4436 4364
35 17 44 72 14051 17397
16 63 44 12 13420 19730
87 41 25 96 2011 6843
14 63 70 14 18260 18792
76 21 13 52 15663 621
30 61 64 25 474 333
14 67 72 22 9660 17254
62 24 18 52 15658 18244
12 49 68 39 9104 13088
57 14 30 76 11585 718
89 62 11 31 9380 8308
33 51 41 20 18224 8261
74 23 41 67 8340 5305
70 26 15 62 3275 5110
34 20 18 48 15442 19044
52 17 11 29 13046 19650
98 35 36 88 9722 7605
54 25 31 53 2530 6336
60 33 18 35 12572 11636
13 37 31 21 13515 2571
65 30 11 52 16322 9004
53 24 15 49 13154 3830
11 67 23 19 2274 7554
19 55 68 22 893 12431
59 33 21 37 1450 1460
30 64 92 49 4614 5867
73 11 19 86 12399 16666
14 47 34 29 2468 2666
42 69 41 15 7798 7680
11 50 92 51 1351 4305
15 46 32 19 1226 891
93 64 25 87 4196 8890
43 11 26 93 2511 4269
48 23 14 51 2172 5027
18 72 99 96 11349 15696
59 35 20 45 12314 16530
67 96 84 14 1862 1498
13 90 66 49 1957 5390
